1065 375.110121
1066 374.341730
1067 373.580475
1068 372.826402
1069 372.079553
1070 371.339969
1071 370.607692
1072 369.882758
1073 369.165205
1074 368.455068
1075 367.752381
1076 367.057176
1077 366.369484
1078 365.689336
1079 365.016760
1080 364.351782
1081 363.694430
1082 363.044728
1083 362.402699
1084 361.768368
1085 361.141754
1086 360.522880
1087 359.911764
1088 359.308425
1089 358.712882
1090 358.125150
1091 357.545247
1092 356.973187
1093 356.408984
1094 355.852654
1095 355.304208
1096 354.763658
1097 354.231017
1098 353.706296
1099 353.189504
1100 352.680651
1101 352.179748
1102 351.686801
1103 351.201821
1104 350.724813
1105 350.255786
1106 349.794747
1107 349.341701
1108 348.896655
1109 348.459614
1110 348.030584
1111 347.609570
1112 347.196576
1113 346.791607
1114 346.394667
1115 346.005759
1116 345.624889
1117 345.252058
1118 344.887270
1119 344.530530
1120 344.181838
1121 343.841199
1122 343.508615
1123 343.184089
1124 342.867624
1125 342.559221
1126 342.258884
1127 341.966615
1128 341.682416
1129 341.406290
1130 341.138239
1131 340.878265
1132 340.626372
1133 340.382561
1134 340.146835
1135 339.919198
1136 339.699651
1137 339.488197
1138 339.284840
1139 339.089582
1140 338.902427
1141 338.723378
1142 338.552439
1143 338.389613
1144 338.234904
1145 338.088315
1146 337.949852
1147 337.819519
1148 337.697319
1149 337.583258
1150 337.477342
1151 337.379574
1152 337.289961
1153 337.208508
1154 337.135221
1155 337.070107
1156 337.013172
1157 336.964423
1158 336.923866
1159 336.891509
1160 336.867360
1161 336.851426
1162 336.843716
1163 336.844237
1164 336.853000
1165 336.870013
1166 336.895285
1167 336.928827
1168 336.970647
1169 337.020757
1170 337.079168
1171 337.145889
1172 337.220934
1173 337.304313
1174 337.396039
1175 337.496123
1176 337.604580
1177 337.721421
1178 337.846661
1179 337.980313
1180 338.122392
1181 338.272912
1182 338.431888
1183 338.599335
1184 338.775269
1185 338.959707
1186 339.152664
1187 339.354157
1188 339.564203
1189 339.782821
1190 340.010027
1191 340.245840
1192 340.490279
1193 340.743362
1194 341.005109
1195 341.275540
1196 341.554675
1197 341.842534
1198 342.139138
1199 342.444508
1200 342.758666
1201 343.081633
1202 343.413432
1203 343.754085
1204 344.103615
1205 344.462045
1206 344.829400
1207 345.205702
1208 345.590976
1209 345.985247
1210 346.388540
1211 346.800879
1212 347.222290
1213 347.652799
1214 348.092432
1215 348.541215
1216 348.999175
1217 349.466339
1218 349.942734
1219 350.428388
1220 350.923328
1221 351.427581
1222 351.941177
1223 352.464143
1224 352.996508
1225 353.538301
1226 354.089551
1227 354.650287
1228 355.220537
1229 355.800332
1230 356.389701
1231 356.988674
1232 357.597280
1233 358.215549
1234 358.843511
1235 359.481197
1236 360.128636
1237 360.785858
1238 361.452893
1239 362.129772
1240 362.816524
1241 363.513179
1242 364.219767
1243 364.936318
1244 365.662862
1245 366.399428
1246 367.146045
1247 367.902743
1248 368.669550
1249 369.446495
1250 370.233607
1251 371.030913
1252 371.838442
1253 372.656221
1254 373.484277
1255 374.322637
1256 375.171326
1257 376.030370
1258 376.899795
1259 377.779625
1260 378.669884
1261 379.570596
1262 380.481782
1263 381.403465
1264 382.335667
1265 383.278407
1266 384.231705
1267 385.195579
1268 386.170048
1269 387.155128
1270 388.150834
1271 389.157182
1272 390.174184
1273 391.201852
1274 392.240199
1275 393.289232
1276 394.348962
1277 395.419393
1278 396.500532
1279 397.592383
1280 398.694947
1281 399.808225
1282 400.932216
1283 402.066917
1284 403.212322
1285 404.368425
1286 405.535216
1287 406.712685
1288 407.900818
1289 409.099600
1290 410.309012
1291 411.529035
1292 412.759645
1293 414.000816
1294 415.252522
1295 416.514730
1296 417.787406
1297 419.070515
1298 420.364016
1299 421.667865
1300 422.982018
1301 424.306424
1302 425.641030
1303 426.985780
1304 428.340613
1305 429.705466
1306 431.080271
1307 432.464956
1308 433.859444
1309 435.263657
1310 436.677510
1311 438.100915
1312 439.533777
1313 440.976000
1314 442.427482
1315 443.888114
1316 445.357786
1317 446.836379
1318 448.323771
1319 449.819835
1320 451.324438
1321 452.837442
1322 454.358702
1323 455.888069
1324 457.425388
1325 458.970496
1326 460.523227
1327 462.083408
1328 463.650858
1329 465.225391
1330 466.806816
1331 468.394934
1332 469.989538
1333 471.590417
1334 473.197353
1335 474.810120
1336 476.428484
1337 478.052208
1338 479.681043
1339 481.314738
1340 482.953031
1341 484.595654
1342 486.242332
1343 487.892784
1344 489.546719
1345 491.203842
1346 492.863846
1347 494.526422
1348 496.191251
1349 497.858006
1350 499.526354
1351 501.195955
1352 502.866461
1353 504.537517
1354 506.208762
1355 507.879826
1356 509.550334
1357 511.219903
1358 512.888145
1359 514.554662
1360 516.219053
1361 517.880910
1362 519.539817
1363 521.195355
1364 522.847096
1365 524.494609
1366 526.137457
1367 527.775197
1368 529.407382
1369 531.033560
1370 532.653275
1371 534.266068
1372 535.871473
1373 537.469023
1374 539.058249
1375 540.638677
1376 542.209831
1377 543.771234
1378 545.322407
1379 546.862869
1380 548.392139
1381 549.909735
1382 551.415176
1383 552.907981
1384 554.387668
1385 555.853761
1386 557.305780
1387 558.743253
1388 560.165707
1389 561.572673
1390 562.963687
1391 564.338290
1392 565.696025
1393 567.036442
1394 568.359097
1395 569.663554
1396 570.949380
1397 572.216152
1398 573.463455
1399 574.690882
1400 575.898035
1401 577.084525
1402 578.249974
1403 579.394014
1404 580.516286
1405 581.616446
1406 582.694159
1407 583.749103
1408 584.780970
1409 585.789462
1410 586.774298
1411 587.735209
1412 588.671939
1413 589.584250
1414 590.471916
1415 591.334727
1416 592.172489
1417 592.985023
1418 593.772166
1419 594.533771
1420 595.269708
1421 595.979863
1422 596.664139
1423 597.322454
1424 597.954746
1425 598.560968
1426 599.141088
1427 599.695095
1428 600.222991
1429 600.724797
1430 601.200551
1431 601.650305
1432 602.074131
1433 602.472116
1434 602.844361
1435 603.190986
1436 603.512127
1437 603.807932
1438 604.078567
1439 604.324214
1440 604.545067
1441 604.741335
1442 604.913243
1443 605.061028
1444 605.184941
1445 605.285244
1446 605.362214
1447 605.416140
1448 605.447321
1449 605.456069
1450 605.442706
1451 605.407563
1452 605.350984
1453 605.273321
1454 605.174934
1455 605.056192
1456 604.917474
1457 604.759164
1458 604.581654
1459 604.385344
1460 604.170637
1461 603.937946
1462 603.687685
1463 603.420276
1464 603.136143
1465 602.835716
1466 602.519426
1467 602.187708
1468 601.841001
1469 601.479745
1470 601.104380
1471 600.715350
1472 600.313099
1473 599.898070
1474 599.470708
1475 599.031458
1476 598.580763
1477 598.119065
1478 597.646806
1479 597.164426
1480 596.672363
1481 596.171053
1482 595.660928
1483 595.142420
1484 594.615956
1485 594.081961
1486 593.540856
1487 592.993058
1488 592.438980
1489 591.879032
1490 591.313619
1491 590.743141
1492 590.167995
1493 589.588573
1494 589.005259
1495 588.418437
1496 587.828481
1497 587.235764
1498 586.640651
1499 586.043502
1500 585.444672
1501 584.844510
1502 584.243360
1503 583.641559
1504 583.039441
1505 582.437330
1506 581.835549
1507 581.234411
1508 580.634225
1509 580.035295
1510 579.437918
1511 578.842384
1512 578.248981
1513 577.657987
1514 577.069676
1515 576.484317
1516 575.902172
1517 575.323498
1518 574.748545
1519 574.177560
1520 573.610782
1521 573.048445
1522 572.490778
1523 571.938006
1524 571.390345
1525 570.848008
1526 570.311204
1527 569.780134
1528 569.254995
1529 568.735981
1530 568.223277
1531 567.717067
1532 567.217527
1533 566.724832
1534 566.239147
1535 565.760638
1536 565.289462
1537 564.825775
1538 564.369726
1539 563.921460
1540 563.481121
1541 563.048844
1542 562.624763
1543 562.209006
1544 561.801701
1545 561.402967
1546 561.012922
1547 560.631681
1548 560.259353
1549 559.896044
1550 559.541859
1551 559.196897
1552 558.861253
1553 558.535022
1554 558.218292
1555 557.911150
1556 557.613680
1557 557.325963
1558 557.048074
1559 556.780089
1560 556.522080
1561 556.274114
1562 556.036259
1563 555.808577
1564 555.591129
1565 555.383973
1566 555.187164
1567 555.000755
1568 554.824798
1569 554.659338
1570 554.504424
1571 554.360097
1572 554.226399
1573 554.103369
1574 553.991043
1575 553.889456
1576 553.798640
1577 553.718625
1578 553.649440
1579 553.591110
1580 553.543659
1581 553.507110
1582 553.481483
1583 553.466796
1584 553.463065
1585 553.470304
1586 553.488527
1587 553.517743
1588 553.557962
1589 553.609191
1590 553.671435
1591 553.744697
1592 553.828979
1593 553.924282
1594 554.030602
1595 554.147937
1596 554.276282
1597 554.415629
1598 554.565969
1599 554.727292
1600 554.899586
1601 555.082837
1602 555.277029
1603 555.482145
1604 555.698165
1605 555.925069
1606 556.162834
1607 556.411436
1608 556.670849
1609 556.941044
1610 557.221992
1611 557.513662
1612 557.816019
1613 558.129030
1614 558.452657
1615 558.786862
1616 559.131603
1617 559.486838
1618 559.852523
1619 560.228611
1620 560.615053
1621 561.011801
1622 561.418800
1623 561.835997
1624 562.263336
1625 562.700757
1626 563.148201
1627 563.605605
1628 564.072903
1629 564.550029
1630 565.036913
1631 565.533483
1632 566.039667
1633 566.555388
1634 567.080567
1635 567.615124
1636 568.158974
1637 568.712033
1638 569.274213
1639 569.845422
1640 570.425567
1641 571.014553
1642 571.612281
1643 572.218649
1644 572.833554
1645 573.456890
1646 574.088547
1647 574.728412
1648 575.376372
1649 576.032307
1650 576.696098
1651 577.367621
1652 578.046748
1653 578.733350
1654 579.427295
1655 580.128447
1656 580.836666
1657 581.551810
1658 582.273735
1659 583.002292
1660 583.737329
1661 584.478691
1662 585.226220
1663 585.979755
1664 586.739130
1665 587.504177
1666 588.274725
1667 589.050599
1668 589.831619
1669 590.617606
1670 591.408372
1671 592.203730
1672 593.003487
1673 593.807447
1674 594.615413
1675 595.427180
1676 596.242542
1677 597.061292
1678 597.883214
1679 598.708094
1680 599.535711
1681 600.365842
1682 601.198261
1683 602.032737
1684 602.869038
1685 603.706926
1686 604.546162
1687 605.386502
1688 606.227702
1689 607.069510
1690 607.911675
1691 608.753942
1692 609.596051
1693 610.437742
1694 611.278750
1695 612.118808
1696 612.957648
1697 613.794997
1698 614.630579
1699 615.464119
1700 616.295337
1701 617.123952
1702 617.949679
1703 618.772233
1704 619.591328
1705 620.406674
1706 621.217980
1707 622.024954
1708 622.827303
1709 623.624732
1710 624.416946
1711 625.203649
1712 625.984542
1713 626.759330
1714 627.527712
1715 628.289393
1716 629.044073
1717 629.791454
1718 630.531240
1719 631.263132
1720 631.986836
1721 632.702055
1722 633.408496
1723 634.105865
1724 634.793873
1725 635.472229
1726 636.140647
1727 636.798842
1728 637.446530
1729 638.083433
1730 638.709274
1731 639.323778
1732 639.926675
1733 640.517699
1734 641.096587
1735 641.663079
1736 642.216921
1737 642.757863
1738 643.285660
1739 643.800071
1740 644.300861
1741 644.787799
1742 645.260662
1743 645.719231
1744 646.163294
1745 646.592643
1746 647.007081
1747 647.406413
1748 647.790452
1749 648.159021
1750 648.511945
1751 648.849062
1752 649.170213
1753 649.475248
1754 649.764026
1755 650.036414
1756 650.292285
1757 650.531522
1758 650.754017
1759 650.959668
1760 651.148384
1761 651.320082
1762 651.474686
1763 651.612133
1764 651.732364
1765 651.835334
1766 651.921002
1767 651.989339
1768 652.040326
1769 652.073950
1770 652.090211
1771 652.089114
1772 652.070677
1773 652.034923
1774 651.981889
1775 651.911617
1776 651.824160
1777 651.719579
1778 651.597944
1779 651.459335
1780 651.303839
1781 651.131552
1782 650.942579
1783 650.737034
1784 650.515037
1785 650.276719
1786 650.022216
1787 649.751675
1788 649.465248
1789 649.163096
1790 648.845387
1791 648.512295
1792 648.164004
1793 647.800702
1794 647.422584
1795 647.029852
1796 646.622715
1797 646.201387
1798 645.766088
1799 645.317044
1800 644.854485
1801 644.378648
1802 643.889774
1803 643.388109
1804 642.873904
1805 642.347412
1806 641.808894
1807 641.258611
1808 640.696830
1809 640.123821
1810 639.539856
1811 638.945212
1812 638.340166
1813 637.725000
1814 637.099998
1815 636.465443
1816 635.821625
1817 635.168832
1818 634.507354
1819 633.837483
1820 633.159511
1821 632.473733
1822 631.780442
1823 631.079933
1824 630.372501
1825 629.658442
1826 628.938049
1827 628.211619
1828 627.479444
1829 626.741820
1830 625.999038
1831 625.251392
1832 624.499172
1833 623.742668
1834 622.982169
1835 622.217961
1836 621.450331
1837 620.679563
1838 619.905938
1839 619.129737
1840 618.351238
1841 617.570716
1842 616.788446
1843 616.004699
1844 615.219743
1845 614.433847
1846 613.647272
1847 612.860282
1848 612.073134
1849 611.286085
1850 610.499387
1851 609.713290
1852 608.928042
1853 608.143887
1854 607.361067
1855 606.579819
1856 605.800378
1857 605.022977
1858 604.247845
1859 603.475206
1860 602.705285
1861 601.938299
1862 601.174466
1863 600.413998
1864 599.657104
1865 598.903993
1866 598.154866
1867 597.409924
1868 596.669364
1869 595.933379
1870 595.202161
1871 594.475896
1872 593.754770
1873 593.038962
1874 592.328652
1875 591.624014
1876 590.925220
1877 590.232440
1878 589.545838
1879 588.865578
1880 588.191821
1881 587.524722
1882 586.864437
1883 586.211117
1884 585.564911
1885 584.925965
1886 584.294421
1887 583.670420
1888 583.054101
1889 582.445598
1890 581.845045
1891 581.252571
1892 580.668304
1893 580.092370
1894 579.524893
1895 578.965991
1896 578.415785
1897 577.874389
1898 577.341919
1899 576.818486
1900 576.304199
1901 575.799167
1902 575.303494
1903 574.817286
1904 574.340643
1905 573.873666
1906 573.416452
1907 572.969099
1908 572.531700
1909 572.104348
1910 571.687136
1911 571.280153
1912 570.883486
1913 570.497223
1914 570.121449
1915 569.756247
1916 569.401701
1917 569.057891
1918 568.724897
1919 568.402797
1920 568.091670
1921 567.791591
1922 567.502635
1923 567.224877
1924 566.958390
1925 566.703246
1926 566.459515
1927 566.227269
1928 566.006576
1929 565.797505
1930 565.600123
1931 565.414498
1932 565.240696
1933 565.078783
1934 564.928822
1935 564.790880
1936 564.665018
1937 564.551301
1938 564.449792
1939 564.360551
1940 564.283642
1941 564.219125
1942 564.167061
1943 564.127512
1944 564.100537
1945 564.086196
1946 564.084549
1947 564.095656
1948 564.119576
1949 564.156367
1950 564.206090
1951 564.268803
1952 564.344565
1953 564.433434
1954 564.535470
1955 564.650730
1956 564.779274
1957 564.921161
1958 565.076449
1959 565.245197
1960 565.427464
1961 565.623309
1962 565.832792
1963 566.055972
1964 566.292909
1965 566.543662
1966 566.808292
1967 567.086859
1968 567.379424
1969 567.686047
1970 568.006790
1971 568.341715
1972 568.690882
1973 569.054356
1974 569.432197
1975 569.824470
1976 570.231237
1977 570.652562
1978 571.088511
1979 571.539147
1980 572.004535
1981 572.484742
1982 572.979833
1983 573.489876
1984 574.014936
1985 574.555083
1986 575.110384
1987 575.680907
1988 576.266723
1989 576.867901
1990 577.484511
1991 578.116624
1992 578.764312
1993 579.427647
1994 580.106701
1995 580.801548
1996 581.512262
1997 582.238917
1998 582.981588
1999 583.740351
2000 584.515282
2001 585.306458
2002 586.113956
2003 586.937855
2004 587.778232
2005 588.635168
2006 589.508741
2007 590.399033
2008 591.306124
2009 592.230096
2010 593.171030
2011 594.129010
2012 595.104118
2013 596.096439
2014 597.106055
2015 598.133053
2016 599.177517
2017 600.239533
2018 601.319187
2019 602.416566
2020 603.531756
2021 604.664845
2022 605.815921
2023 606.985071
2024 608.172385
2025 609.377950
2026 610.601856
2027 611.844193
2028 613.105048
2029 614.384513
2030 615.682677
2031 616.999629
2032 618.335460
2033 619.690260
2034 621.064118
2035 622.457124
2036 623.869369
2037 625.300941
2038 626.751931
2039 628.222426
2040 629.712517
2041 631.222291
2042 632.751836
2043 634.301240
2044 635.870589
2045 637.459971
2046 639.069469
2047 640.699170
2048 642.349156
2049 644.019511
2050 645.710316
2051 647.421652
2052 649.153598
2053 650.906233
2054 652.679633
2055 654.473873
2056 656.289026
2057 658.125165
2058 659.982358
2059 661.860675
2060 663.760179
2061 665.680936
2062 667.623005
2063 669.586446
2064 671.571313
2065 673.577661
2066 675.605538
2067 677.654992
2068 679.726066
2069 681.818800
2070 683.933231
2071 686.069390
2072 688.227306
2073 690.407004
2074 692.608503
2075 694.831818
2076 697.076959
2077 699.343931
2078 701.632735
2079 703.943364
2080 706.275806
2081 708.630045
2082 711.006057
2083 713.403810
2084 715.823267
2085 718.264385
2086 720.727110
2087 723.211385
2088 725.717141
2089 728.244302
2090 730.792785
2091 733.362495
2092 735.953331
2093 738.565180
2094 741.197920
2095 743.851419
2096 746.525533
2097 749.220110
2098 751.934983
2099 754.669975
2100 757.424897
2101 760.199548
2102 762.993713
2103 765.807164
2104 768.639659
2105 771.490942
2106 774.360743
2107 777.248777
2108 780.154743
2109 783.078325
2110 786.019190
2111 788.976988
2112 791.951353
2113 794.941901
2114 797.948230
2115 800.969919
2116 804.006531
2117 807.057605
2118 810.122664
2119 813.201211
2120 816.292725
2121 819.396669
2122 822.512480
2123 825.639578
2124 828.777356
2125 831.925189
2126 835.082427
2127 838.248397
2128 841.422403
2129 844.603726
2130 847.791622
2131 850.985323
2132 854.184037
2133 857.386946
2134 860.593211
2135 863.801963
2136 867.012311
2137 870.223339
2138 873.434104
2139 876.643640
2140 879.850954
2141 883.055030
2142 886.254824
2143 889.449272
2144 892.637280
2145 895.817733
2146 898.989493
2147 902.151395
2148 905.302255
2149 908.440863
2150 911.565989
2151 914.676381
2152 917.770765
2153 920.847850
2154 923.906323
2155 926.944855
2156 929.962097
2157 932.956687
2158 935.927246
2159 938.872380
2160 941.790684
2161 944.680742
2162 947.541125
2163 950.370398
2164 953.167118
2165 955.929837
2166 958.657102
2167 961.347459
2168 963.999452
2169 966.611627
2170 969.182535
2171 971.710730
2172 974.194773
2173 976.633236
2174 979.024702
2175 981.367765
2176 983.661036
2177 985.903146
2178 988.092741
2179 990.228493
2180 992.309096
2181 994.333271
2182 996.299767
2183 998.207366
2184 1000.054878
2185 1001.841154
2186 1003.565077
2187 1005.225573
2188 1006.821605
2189 1008.352183
2190 1009.816360
2191 1011.213236
2192 1012.541959
2193 1013.801728
2194 1014.991794
2195 1016.111461
2196 1017.160086
2197 1018.137084
2198 1019.041926
2199 1019.874141
2200 1020.633318
2201 1021.319105
2202 1021.931209
2203 1022.469402
2204 1022.933513
2205 1023.323435
2206 1023.639125
2207 1023.880596
2208 1024.047929
2209 1024.141264
2210 1024.160800
2211 1024.106801
2212 1023.979587
2213 1023.779540
2214 1023.507099
2215 1023.162761
2216 1022.747079
2217 1022.260661
2218 1021.704169
2219 1021.078316
2220 1020.383868
2221 1019.621637
2222 1018.792486
2223 1017.897322
2224 1016.937095
2225 1015.912798
2226 1014.825463
2227 1013.676163
2228 1012.466003
2229 1011.196124
2230 1009.867700
2231 1008.481932
2232 1007.040051
2233 1005.543311
2234 1003.992993
2235 1002.390396
2236 1000.736839
2237 999.033660
2238 997.282209
2239 995.483850
2240 993.639960
2241 991.751922
2242 989.821129
2243 987.848976
2244 985.836864
2245 983.786194
2246 981.698368
2247 979.574787
2248 977.416845
2249 975.225936
2250 973.003443
2251 970.750744
2252 968.469207
2253 966.160191
2254 963.825040
2255 961.465088
2256 959.081656
2257 956.676046
2258 954.249548
2259 951.803433
2260 949.338956
2261 946.857354
2262 944.359842
2263 941.847618
2264 939.321861
2265 936.783725
2266 934.234347
2267 931.674840
2268 929.106296
2269 926.529784
2270 923.946353
2271 921.357025
2272 918.762803
2273 916.164665
2274 913.563568
2275 910.960442
2276 908.356198
2277 905.751721
2278 903.147877
2279 900.545503
2280 897.945420
2281 895.348421
2282 892.755279
2283 890.166745
2284 887.583548
2285 885.006394
2286 882.435968
2287 879.872935
2288 877.317938
2289 874.771599
2290 872.234521
2291 869.707287
2292 867.190460
2293 864.684583
2294 862.190182
2295 859.707762
2296 857.237813
2297 854.780805
2298 852.337191
2299 849.907409
2300 847.491877
2301 845.091001
2302 842.705167
2303 840.334749
2304 837.980105
2305 835.641578
2306 833.319496
2307 831.014176
2308 828.725920
2309 826.455015
2310 824.201738
2311 821.966354
2312 819.749115
2313 817.550260
2314 815.370020
2315 813.208613
2316 811.066247
2317 808.943120
2318 806.839421
2319 804.755328
2320 802.691011
2321 800.646630
2322 798.622338
2323 796.618280
2324 794.634591
2325 792.671400
2326 790.728829
2327 788.806992
2328 786.905997
2329 785.025945
2330 783.166930
2331 781.329043
2332 779.512366
2333 777.716978
2334 775.942950
2335 774.190352
2336 772.459246
2337 770.749689
2338 769.061738
2339 767.395441
2340 765.750846
2341 764.127993
2342 762.526924
2343 760.947673
2344 759.390272
2345 757.854753
2346 756.341141
2347 754.849461
2348 753.379734
2349 751.931982
2350 750.506220
2351 749.102465
2352 747.720730
2353 746.361028
2354 745.023369
2355 743.707762
2356 742.414216
2357 741.142736
2358 739.893329
2359 738.666000
2360 737.460753
2361 736.277590
2362 735.116517
2363 733.977533
2364 732.860643
2365 731.765848
2366 730.693149
2367 729.642549
2368 728.614050
2369 727.607653
2370 726.623361
2371 725.661176
2372 724.721102
2373 723.803142
2374 722.907301
2375 722.033583
2376 721.181993
2377 720.352539
2378 719.545227
2379 718.760066
2380 717.997066
2381 717.256237
2382 716.537589
2383 715.841138
2384 715.166896
2385 714.514879
2386 713.885104
2387 713.277591
2388 712.692359
2389 712.129429
2390 711.588827
2391 711.070575
2392 710.574703
2393 710.101238
2394 709.650213
2395 709.221658
2396 708.815610
2397 708.432106
2398 708.071184
2399 707.732886
2400 707.417255
2401 707.124339
2402 706.854184
2403 706.606842
2404 706.382366
2405 706.180812
2406 706.002238
2407 705.846705
2408 705.714277
2409 705.605021
2410 705.519006
2411 705.456304
2412 705.416990
2413 705.401143
2414 705.408843
2415 705.440175
2416 705.495226
2417 705.574087
2418 705.676851
2419 705.803617
2420 705.954484
2421 706.129557
2422 706.328943
2423 706.552754
2424 706.801104
2425 707.074111
2426 707.371899
2427 707.694592
2428 708.042322
2429 708.415223
2430 708.813431
2431 709.237090
2432 709.686345
2433 710.161348
2434 710.662253
2435 711.189220
2436 711.742412
2437 712.321998
2438 712.928151
2439 713.561048
2440 714.220872
2441 714.907811
2442 715.622056
2443 716.363806
2444 717.133263
2445 717.930635
2446 718.756135
2447 719.609982
2448 720.492400
2449 721.403619
2450 722.343873
2451 723.313406
2452 724.312463
2453 725.341299
2454 726.400173
2455 727.489350
2456 728.609103
2457 729.759711
2458 730.941458
2459 732.154637
2460 733.399546
2461 734.676492
2462 735.985787
2463 737.327752
2464 738.702713
2465 740.111007
2466 741.552975
2467 743.028969
2468 744.539346
2469 746.084474
2470 747.664726
2471 749.280486
2472 750.932146
2473 752.620106
2474 754.344774
2475 756.106569
2476 757.905919
2477 759.743259
2478 761.619036
2479 763.533706
2480 765.487733
2481 767.481595
2482 769.515775
2483 771.590771
2484 773.707089
2485 775.865247
2486 778.065771
2487 780.309203
2488 782.596092
2489 784.927001
2490 787.302503
2491 789.723183
2492 792.189639
2493 794.702482
2494 797.262332
2495 799.869824
2496 802.525607
2497 805.230340
2498 807.984697
2499 810.789364
2500 813.645041
2501 816.552444
2502 819.512298
2503 822.525346
2504 825.592343
2505 828.714059
2506 831.891278
2507 835.124800
2508 838.415437
2509 841.764017
2510 845.171383
2511 848.638393
2512 852.165919
2513 855.754849
2514 859.406086
2515 863.120546
2516 866.899161
2517 870.742880
2518 874.652663
2519 878.629487
2520 882.674343
2521 886.788236
2522 890.972185
2523 895.227222
2524 899.554394
2525 903.954760
2526 908.429391
2527 912.979371
2528 917.605793
2529 922.309764
2530 927.092398
2531 931.954820
2532 936.898161
2533 941.923561
2534 947.032165
2535 952.225122
2536 957.503585
2537 962.868706
2538 968.321641
2539 973.863541
2540 979.495552
2541 985.218815
2542 991.034461
2543 996.943611
2544 1002.947370
2545 1009.046823
2546 1015.243038
2547 1021.537055
2548 1027.929884
2549 1034.422504
2550 1041.015852
2551 1047.710826
2552 1054.508271
2553 1061.408977
2554 1068.413675
2555 1075.523025
2556 1082.737611
2557 1090.057935
2558 1097.484404
2559 1105.017326
2560 1112.656894
2561 1120.403181
2562 1128.256127
2563 1136.215527
2564 1144.281018
2565 1152.452065
2566 1160.727949
2567 1169.107750
2568 1177.590331
2569 1186.174325
2570 1194.858110
2571 1203.639797
2572 1212.517208
2573 1221.487856
2574 1230.548923
2575 1239.697239
2576 1248.929259
2577 1258.241039
2578 1267.628211
2579 1277.085961
2580 1286.609000
2581 1296.191541
2582 1305.827271
2583 1315.509328
2584 1325.230272
2585 1334.982062
2586 1344.756030
2587 1354.542861
2588 1364.332566
2589 1374.114464
2590 1383.877165
2591 1393.608551
2592 1403.295769
2593 1412.925217
2594 1422.482541
2595 1431.952637
2596 1441.319656
2597 1450.567011
2598 1459.677404
2599 1468.632844
2600 1477.414681
2601 1486.003650
2602 1494.379923
2603 1502.523159
2604 1510.412585
2605 1518.027063
2606 1525.345188
2607 1532.345378
2608 1539.005985
2609 1545.305411
2610 1551.222229
2611 1556.735318
2612 1561.824001
2613 1566.468183
2614 1570.648502
2615 1574.346477
2616 1577.544652
2617 1580.226747
2618 1582.377795
2619 1583.984282
2620 1585.034270
2621 1585.517518
2622 1585.425579
2623 1584.751899
2624 1583.491881
2625 1581.642946
2626 1579.204568
2627 1576.178293
2628 1572.567735
2629 1568.378555
2630 1563.618417
2631 1558.296930
2632 1552.425566
2633 1546.017566
2634 1539.087831
2635 1531.652796
2636 1523.730298
2637 1515.339429
2638 1506.500390
2639 1497.234334
2640 1487.563212
2641 1477.509615
2642 1467.096617
2643 1456.347629
2644 1445.286252
2645 1433.936137
2646 1422.320855
2647 1410.463777
2648 1398.387964
2649 1386.116060
2650 1373.670206
2651 1361.071961
2652 1348.342226
2653 1335.501192
2654 1322.568290
2655 1309.562146
2656 1296.500559
2657 1283.400474
2658 1270.277970
2659 1257.148252
2660 1244.025654
2661 1230.923641
2662 1217.854823
2663 1204.830967
2664 1191.863018
2665 1178.961123
2666 1166.134651
2667 1153.392226
2668 1140.741750
2669 1128.190437
2670 1115.744844
2671 1103.410898
2672 1091.193932
2673 1079.098717
2674 1067.129488
2675 1055.289981
2676 1043.583457
2677 1032.012739
2678 1020.580234
2679 1009.287960
2680 998.137581
2681 987.130421
2682 976.267497
2683 965.549538
2684 954.977009
2685 944.550130
2686 934.268896
2687 924.133099
2688 914.142339
2689 904.296049
2690 894.593502
2691 885.033831
2692 875.616042
2693 866.339025
2694 857.201567
2695 848.202362
2696 839.340022
2697 830.613088
2698 822.020036
2699 813.559285
2700 805.229209
2701 797.028140
2702 788.954374
2703 781.006179
2704 773.181801
2705 765.479467
2706 757.897389
2707 750.433770
2708 743.086810
2709 735.854702
2710 728.735645
2711 721.727836
2712 714.829484
2713 708.038804
2714 701.354021
2715 694.773374
2716 688.295116
2717 681.917517
2718 675.638862
2719 669.457457
2720 663.371625
2721 657.379711
2722 651.480081
2723 645.671123
2724 639.951246
2725 634.318883
2726 628.772491
2727 623.310549
2728 617.931561
2729 612.634055
2730 607.416582
2731 602.277719
2732 597.216065
2733 592.230246
2734 587.318909
2735 582.480728
2736 577.714398
2737 573.018640
2738 568.392197
2739 563.833837
2740 559.342349
2741 554.916547
2742 550.555266
2743 546.257363
2744 542.021718
2745 537.847233
2746 533.732830
2747 529.677453
2748 525.680066
2749 521.739654
2750 517.855222
2751 514.025795
2752 510.250415
2753 506.528147
2754 502.858072
2755 499.239289
2756 495.670917
2757 492.152091
2758 488.681964
2759 485.259706
2760 481.884503
2761 478.555559
2762 475.272092
2763 472.033337
2764 468.838543
2765 465.686976
2766 462.577916
2767 459.510657
2768 456.484507
2769 453.498788
2770 450.552836
2771 447.646000
2772 444.777643
2773 441.947138
2774 439.153874
2775 436.397250
2776 433.676676
2777 430.991577
2778 428.341386
2779 425.725550
2780 423.143525
2781 420.594777
2782 418.078786
2783 415.595039
2784 413.143034
2785 410.722279
2786 408.332292
2787 405.972599
2788 403.642737
2789 401.342250
2790 399.070693
2791 396.827628
2792 394.612626
2793 392.425267
2794 390.265137
2795 388.131832
2796 386.024954
2797 383.944114
2798 381.888931
2799 379.859028
2800 377.854038
2801 375.873601
2802 373.917362
2803 371.984974
2804 370.076096
2805 368.190393
2806 366.327537
2807 364.487205
2808 362.669082
2809 360.872858
2810 359.098227
2811 357.344890
2812 355.612553
2813 353.900930
2814 352.209735
2815 350.538693
2816 348.887529
2817 347.255977
2818 345.643773
2819 344.050659
2820 342.476381
2821 340.920691
2822 339.383344
2823 337.864099
2824 336.362721
2825 334.878977
2826 333.412641
2827 331.963489
2828 330.531301
2829 329.115861
2830 327.716957
2831 326.334381
2832 324.967929
2833 323.617399
2834 322.282593
2835 320.963318
2836 319.659382
2837 318.370599
2838 317.096783
2839 315.837755
2840 314.593335
2841 313.363349
2842 312.147625
2843 310.945994
2844 309.758290
2845 308.584350
2846 307.424012
2847 306.277120
2848 305.143517
2849 304.023052
2850 302.915575
2851 301.820937
2852 300.738995
2853 299.669605
2854 298.612628
2855 297.567925
2856 296.535361
2857 295.514802
2858 294.506119
2859 293.509181
2860 292.523862
2861 291.550037
2862 290.587585
2863 289.636383
2864 288.696314
2865 287.767261
2866 286.849109
2867 285.941745
2868 285.045059
2869 284.158941
2870 283.283284
2871 282.417982
2872 281.562931
2873 280.718029
2874 279.883176
2875 279.058273
2876 278.243222
2877 277.437927
2878 276.642295
2879 275.856233
2880 275.079650
2881 274.312456
2882 273.554563
2883 272.805885
2884 272.066335
2885 271.335830
2886 270.614288
2887 269.901627
2888 269.197768
2889 268.502631
2890 267.816140
2891 267.138218
2892 266.468791
2893 265.807785
2894 265.155127
2895 264.510747
2896 263.874574
2897 263.246539
2898 262.626576
2899 262.014616
2900 261.410595
2901 260.814448
2902 260.226112
2903 259.645524
2904 259.072623
2905 258.507348
2906 257.949642
2907 257.399444
2908 256.856698
2909 256.321347
2910 255.793337
2911 255.272612
2912 254.759119
2913 254.252805
2914 253.753620
2915 253.261510
2916 252.776428
2917 252.298323
2918 251.827148
2919 251.362854
2920 250.905396
2921 250.454727
2922 250.010803
2923 249.573580
2924 249.143013
2925 248.719061
2926 248.301681
2927 247.890833
2928 247.486476
2929 247.088570
2930 246.697077
2931 246.311959
2932 245.933177
2933 245.560696
2934 245.194480
2935 244.834492
2936 244.480698
2937 244.133065
2938 243.791559
2939 243.456148
2940 243.126798
2941 242.803480
2942 242.486162
2943 242.174814
2944 241.869408
2945 241.569913
2946 241.276302
2947 240.988547
2948 240.706621
2949 240.430498
2950 240.160151
2951 239.895557
2952 239.636689
2953 239.383525
2954 239.136040
2955 238.894211
2956 238.658017
2957 238.427435
2958 238.202444
2959 237.983023
2960 237.769152
2961 237.560812
2962 237.357984
2963 237.160648
2964 236.968787
2965 236.782384
2966 236.601420
2967 236.425881
2968 236.255749
2969 236.091009
2970 235.931647
2971 235.777648
2972 235.628998
2973 235.485684
2974 235.347692
2975 235.215010
2976 235.087627
2977 234.965530
2978 234.848709
2979 234.737153
2980 234.630852
2981 234.529797
2982 234.433979
2983 234.343388
2984 234.258017
2985 234.177859
2986 234.102905
2987 234.033150
2988 233.968586
2989 233.909209
2990 233.855013
2991 233.805993
2992 233.762145
2993 233.723464
2994 233.689948
2995 233.661593
2996 233.638398
2997 233.620358
2998 233.607475
2999 233.599745
