0 1158.536394
1 1158.566064
2 1158.655067
3 1158.803386
4 1159.010992
5 1159.277843
6 1159.603887
7 1159.989058
8 1160.433278
9 1160.936456
10 1161.498489
11 1162.119259
12 1162.798636
13 1163.536475
14 1164.332615
15 1165.186881
16 1166.099082
17 1167.069010
18 1168.096440
19 1169.181128
20 1170.322813
21 1171.521213
22 1172.776026
23 1174.086928
24 1175.453574
25 1176.875594
26 1178.352594
27 1179.884154
28 1181.469828
29 1183.109140
30 1184.801587
31 1186.546634
32 1188.343713
33 1190.192223
34 1192.091529
35 1194.040957
36 1196.039796
37 1198.087295
38 1200.182661
39 1202.325058
40 1204.513602
41 1206.747365
42 1209.025370
43 1211.346585
44 1213.709929
45 1216.114263
46 1218.558394
47 1221.041066
48 1223.560965
49 1226.116711
50 1228.706859
51 1231.329897
52 1233.984243
53 1236.668240
54 1239.380162
55 1242.118201
56 1244.880475
57 1247.665019
58 1250.469786
59 1253.292646
60 1256.131380
61 1258.983685
62 1261.847164
63 1264.719332
64 1267.597612
65 1270.479331
66 1273.361723
67 1276.241926
68 1279.116982
69 1281.983838
70 1284.839341
71 1287.680246
72 1290.503208
73 1293.304790
74 1296.081458
75 1298.829588
76 1301.545465
77 1304.225283
78 1306.865153
79 1309.461103
80 1312.009080
81 1314.504959
82 1316.944542
83 1319.323569
84 1321.637716
85 1323.882610
86 1326.053830
87 1328.146914
88 1330.157370
89 1332.080683
90 1333.912323
91 1335.647756
92 1337.282452
93 1338.811898
94 1340.231605
95 1341.537124
96 1342.724056
97 1343.788059
98 1344.724871
99 1345.530311
100 1346.200301
101 1346.730873
102 1347.118185
103 1347.358533
104 1347.448364
105 1347.384290
106 1347.163098
107 1346.781766
108 1346.237469
109 1345.527598
110 1344.649765
111 1343.601814
112 1342.381834
113 1340.988164
114 1339.419403
115 1337.674415
116 1335.752337
117 1333.652584
118 1331.374850
119 1328.919116
120 1326.285645
121 1323.474988
122 1320.487981
123 1317.325745
124 1313.989678
125 1310.481458
126 1306.803031
127 1302.956611
128 1298.944667
129 1294.769916
130 1290.435319
131 1285.944061
132 1281.299549
133 1276.505396
134 1271.565410
135 1266.483579
136 1261.264060
137 1255.911165
138 1250.429346
139 1244.823181
140 1239.097360
141 1233.256671
142 1227.305983
143 1221.250237
144 1215.094426
145 1208.843586
146 1202.502780
147 1196.077084
148 1189.571577
149 1182.991329
150 1176.341385
151 1169.626761
152 1162.852426
153 1156.023296
154 1149.144227
155 1142.220002
156 1135.255325
157 1128.254812
158 1121.222990
159 1114.164284
160 1107.083014
161 1099.983393
162 1092.869519
163 1085.745375
164 1078.614822
165 1071.481601
166 1064.349327
167 1057.221491
168 1050.101455
169 1042.992457
170 1035.897605
171 1028.819883
172 1021.762147
173 1014.727126
174 1007.717428
175 1000.735538
176 993.783818
177 986.864513
178 979.979751
179 973.131546
180 966.321799
181 959.552304
182 952.824747
183 946.140711
184 939.501678
185 932.909034
186 926.364069
187 919.867982
188 913.421884
189 907.026799
190 900.683672
191 894.393365
192 888.156667
193 881.974293
194 875.846888
195 869.775028
196 863.759228
197 857.799939
198 851.897553
199 846.052409
200 840.264790
201 834.534929
202 828.863010
203 823.249172
204 817.693510
205 812.196079
206 806.756893
207 801.375930
208 796.053134
209 790.788414
210 785.581649
211 780.432691
212 775.341362
213 770.307458
214 765.330754
215 760.410998
216 755.547922
217 750.741235
218 745.990628
219 741.295778
220 736.656342
221 732.071967
222 727.542283
223 723.066910
224 718.645456
225 714.277519
226 709.962687
227 705.700541
228 701.490654
229 697.332592
230 693.225913
231 689.170174
232 685.164924
233 681.209709
234 677.304072
235 673.447553
236 669.639690
237 665.880018
238 662.168072
239 658.503387
240 654.885496
241 651.313932
242 647.788230
243 644.307924
244 640.872550
245 637.481645
246 634.134749
247 630.831401
248 627.571146
249 624.353528
250 621.178095
251 618.044400
252 614.951995
253 611.900438
254 608.889290
255 605.918115
256 602.986481
257 600.093958
258 597.240124
259 594.424556
260 591.646840
261 588.906561
262 586.203314
263 583.536693
264 580.906300
265 578.311739
266 575.752621
267 573.228559
268 570.739172
269 568.284083
270 565.862921
271 563.475317
272 561.120909
273 558.799338
274 556.510252
275 554.253300
276 552.028138
277 549.834428
278 547.671833
279 545.540024
280 543.438674
281 541.367462
282 539.326073
283 537.314193
284 535.331514
285 533.377735
286 531.452556
287 529.555683
288 527.686826
289 525.845700
290 524.032024
291 522.245521
292 520.485919
293 518.752949
294 517.046348
295 515.365855
296 513.711216
297 512.082178
298 510.478493
299 508.899919
300 507.346216
301 505.817149
302 504.312485
303 502.831997
304 501.375461
305 499.942656
306 498.533367
307 497.147380
308 495.784486
309 494.444480
310 493.127161
311 491.832329
312 490.559789
313 489.309351
314 488.080827
315 486.874032
316 485.688784
317 484.524906
318 483.382224
319 482.260565
320 481.159762
321 480.079649
322 479.020065
323 477.980850
324 476.961850
325 475.962911
326 474.983883
327 474.024620
328 473.084977
329 472.164814
330 471.263992
331 470.382376
332 469.519833
333 468.676233
334 467.851450
335 467.045358
336 466.257836
337 465.488764
338 464.738026
339 464.005508
340 463.291097
341 462.594685
342 461.916166
343 461.255435
344 460.612389
345 459.986931
346 459.378962
347 458.788388
348 458.215117
349 457.659058
350 457.120123
351 456.598226
352 456.093285
353 455.605218
354 455.133944
355 454.679388
356 454.241475
357 453.820130
358 453.415284
359 453.026868
360 452.654814
361 452.299058
362 451.959536
363 451.636188
364 451.328954
365 451.037777
366 450.762603
367 450.503376
368 450.260045
369 450.032561
370 449.820875
371 449.624940
372 449.444713
373 449.280149
374 449.131208
375 448.997849
376 448.880035
377 448.777730
378 448.690898
379 448.619506
380 448.563522
381 448.522917
382 448.497661
383 448.487728
384 448.493091
385 448.513726
386 448.549611
387 448.600725
388 448.667046
389 448.748556
390 448.845238
391 448.957076
392 449.084056
393 449.226162
394 449.383384
395 449.555710
396 449.743130
397 449.945635
398 450.163219
399 450.395874
400 450.643595
401 450.906378
402 451.184219
403 451.477117
404 451.785069
405 452.108076
406 452.446138
407 452.799257
408 453.167435
409 453.550674
410 453.948980
411 454.362356
412 454.790808
413 455.234343
414 455.692966
415 456.166685
416 456.655509
417 457.159446
418 457.678504
419 458.212693
420 458.762023
421 459.326504
422 459.906147
423 460.500962
424 461.110961
425 461.736154
426 462.376554
427 463.032171
428 463.703018
429 464.389104
430 465.090443
431 465.807044
432 466.538919
433 467.286079
434 468.048534
435 468.826293
436 469.619367
437 470.427764
438 471.251493
439 472.090560
440 472.944974
441 473.814740
442 474.699863
443 475.600347
444 476.516195
445 477.447408
446 478.393988
447 479.355933
448 480.333241
449 481.325907
450 482.333927
451 483.357292
452 484.395993
453 485.450018
454 486.519355
455 487.603986
456 488.703895
457 489.819059
458 490.949456
459 492.095060
460 493.255841
461 494.431767
462 495.622803
463 496.828911
464 498.050047
465 499.286166
466 500.537218
467 501.803149
468 503.083903
469 504.379416
470 505.689621
471 507.014448
472 508.353820
473 509.707656
474 511.075869
475 512.458367
476 513.855052
477 515.265822
478 516.690566
479 518.129169
480 519.581508
481 521.047454
482 522.526872
483 524.019618
484 525.525542
485 527.044486
486 528.576284
487 530.120763
488 531.677739
489 533.247023
490 534.828414
491 536.421705
492 538.026677
493 539.643104
494 541.270747
495 542.909361
496 544.558688
497 546.218460
498 547.888399
499 549.568216
500 551.257609
501 552.956267
502 554.663867
503 556.380073
504 558.104537
505 559.836900
506 561.576788
507 563.323818
508 565.077591
509 566.837697
510 568.603710
511 570.375193
512 572.151695
513 573.932751
514 575.717882
515 577.506596
516 579.298386
517 581.092730
518 582.889095
519 584.686930
520 586.485673
521 588.284745
522 590.083556
523 591.881498
524 593.677953
525 595.472285
526 597.263848
527 599.051980
528 600.836005
529 602.615235
530 604.388970
531 606.156494
532 607.917081
533 609.669992
534 611.414478
535 613.149775
536 614.875112
537 616.589705
538 618.292761
539 619.983478
540 621.661045
541 623.324643
542 624.973445
543 626.606619
544 628.223326
545 629.822721
546 631.403956
547 632.966180
548 634.508538
549 636.030175
550 637.530234
551 639.007859
552 640.462196
553 641.892392
554 643.297601
555 644.676977
556 646.029684
557 647.354891
558 648.651776
559 649.919527
560 651.157340
561 652.364425
562 653.540007
563 654.683321
564 655.793622
565 656.870178
566 657.912277
567 658.919227
568 659.890355
569 660.825011
570 661.722566
571 662.582416
572 663.403983
573 664.186713
574 664.930080
575 665.633588
576 666.296767
577 666.919179
578 667.500416
579 668.040101
580 668.537891
581 668.993475
582 669.406576
583 669.776950
584 670.104389
585 670.388718
586 670.629801
587 670.827534
588 670.981849
589 671.092717
590 671.160143
591 671.184166
592 671.164863
593 671.102348
594 670.996766
595 670.848302
596 670.657171
597 670.423625
598 670.147950
599 669.830462
600 669.471512
601 669.071482
602 668.630785
603 668.149862
604 667.629186
605 667.069256
606 666.470599
607 665.833769
608 665.159344
609 664.447925
610 663.700139
611 662.916632
612 662.098072
613 661.245145
614 660.358557
615 659.439029
616 658.487300
617 657.504123
618 656.490262
619 655.446496
620 654.373614
621 653.272415
622 652.143706
623 650.988300
624 649.807020
625 648.600691
626 647.370143
627 646.116209
628 644.839723
629 643.541521
630 642.222439
631 640.883310
632 639.524968
633 638.148240
634 636.753954
635 635.342930
636 633.915983
637 632.473923
638 631.017552
639 629.547666
640 628.065051
641 626.570486
642 625.064738
643 623.548569
644 622.022725
645 620.487945
646 618.944955
647 617.394471
648 615.837197
649 614.273822
650 612.705025
651 611.131473
652 609.553817
653 607.972698
654 606.388742
655 604.802561
656 603.214755
657 601.625909
658 600.036595
659 598.447372
660 596.858783
661 595.271360
662 593.685618
663 592.102062
664 590.521180
665 588.943449
666 587.369331
667 585.799275
668 584.233717
669 582.673081
670 581.117775
671 579.568197
672 578.024732
673 576.487750
674 574.957613
675 573.434667
676 571.919248
677 570.411680
678 568.912276
679 567.421336
680 565.939151
681 564.465999
682 563.002150
683 561.547862
684 560.103381
685 558.668948
686 557.244788
687 555.831122
688 554.428159
689 553.036098
690 551.655131
691 550.285441
692 548.927203
693 547.580582
694 546.245736
695 544.922816
696 543.611965
697 542.313318
698 541.027003
699 539.753142
700 538.491850
701 537.243233
702 536.007395
703 534.784431
704 533.574429
705 532.377475
706 531.193645
707 530.023014
708 528.865647
709 527.721608
710 526.590953
711 525.473736
712 524.370005
713 523.279801
714 522.203166
715 521.140134
716 520.090736
717 519.054998
718 518.032944
719 517.024594
720 516.029963
721 515.049065
722 514.081908
723 513.128500
724 512.188842
725 511.262935
726 510.350777
727 509.452362
728 508.567682
729 507.696726
730 506.839482
731 505.995933
732 505.166063
733 504.349851
734 503.547274
735 502.758309
736 501.982930
737 501.221108
738 500.472814
739 499.738015
740 499.016678
741 498.308767
742 497.614247
743 496.933078
744 496.265220
745 495.610633
746 494.969272
747 494.341094
748 493.726054
749 493.124103
750 492.535195
751 491.959278
752 491.396304
753 490.846219
754 490.308971
755 489.784505
756 489.272766
757 488.773698
758 488.287243
759 487.813342
760 487.351936
761 486.902964
762 486.466365
763 486.042076
764 485.630033
765 485.230171
766 484.842425
767 484.466728
768 484.103012
769 483.751209
770 483.411250
771 483.083062
772 482.766576
773 482.461718
774 482.168415
775 481.886593
776 481.616175
777 481.357084
778 481.109245
779 480.872576
780 480.647000
781 480.432434
782 480.228798
783 480.036007
784 479.853979
785 479.682626
786 479.521864
787 479.371604
788 479.231758
789 479.102235
790 478.982943
791 478.873791
792 478.774685
793 478.685529
794 478.606226
795 478.536679
796 478.476788
797 478.426452
798 478.385569
799 478.354036
800 478.331746
801 478.318594
802 478.314470
803 478.319265
804 478.332866
805 478.355162
806 478.386036
807 478.425371
808 478.473049
809 478.528950
810 478.592952
811 478.664930
812 478.744758
813 478.832308
814 478.927451
815 479.030054
816 479.139984
817 479.257104
818 479.381277
819 479.512362
820 479.650217
821 479.794697
822 479.945656
823 480.102944
824 480.266410
825 480.435900
826 480.611260
827 480.792330
828 480.978949
829 481.170955
830 481.368183
831 481.570465
832 481.777629
833 481.989504
834 482.205914
835 482.426682
836 482.651627
837 482.880567
838 483.113316
839 483.349686
840 483.589488
841 483.832528
842 484.078612
843 484.327540
844 484.579114
845 484.833129
846 485.089381
847 485.347662
848 485.607762
849 485.869467
850 486.132564
851 486.396834
852 486.662057
853 486.928012
854 487.194474
855 487.461217
856 487.728012
857 487.994628
858 488.260832
859 488.526390
860 488.791064
861 489.054616
862 489.316806
863 489.577390
864 489.836126
865 490.092768
866 490.347070
867 490.598782
868 490.847656
869 491.093441
870 491.335885
871 491.574737
872 491.809742
873 492.040646
874 492.267196
875 492.489135
876 492.706209
877 492.918162
878 493.124739
879 493.325684
880 493.520742
881 493.709659
882 493.892181
883 494.068055
884 494.237028
885 494.398849
886 494.553270
887 494.700040
888 494.838915
889 494.969649
890 495.091999
891 495.205725
892 495.310589
893 495.406355
894 495.492792
895 495.569668
896 495.636759
897 495.693840
898 495.740693
899 495.777101
900 495.802854
901 495.817743
902 495.821567
903 495.814126
904 495.795226
905 495.764679
906 495.722302
907 495.667916
908 495.601349
909 495.522434
910 495.431008
911 495.326919
912 495.210016
913 495.080157
914 494.937206
915 494.781035
916 494.611520
917 494.428546
918 494.232005
919 494.021795
920 493.797823
921 493.560003
922 493.308255
923 493.042508
924 492.762700
925 492.468773
926 492.160681
927 491.838383
928 491.501847
929 491.151051
930 490.785977
931 490.406617
932 490.012973
933 489.605053
934 489.182873
935 488.746457
936 488.295838
937 487.831056
938 487.352161
939 486.859208
940 486.352262
941 485.831394
942 485.296685
943 484.748221
944 484.186097
945 483.610416
946 483.021287
947 482.418826
948 481.803157
949 481.174410
950 480.532723
951 479.878240
952 479.211110
953 478.531490
954 477.839542
955 477.135435
956 476.419344
957 475.691447
958 474.951930
959 474.200983
960 473.438801
961 472.665584
962 471.881537
963 471.086867
964 470.281789
965 469.466519
966 468.641278
967 467.806289
968 466.961780
969 466.107982
970 465.245127
971 464.373451
972 463.493193
973 462.604594
974 461.707895
975 460.803341
976 459.891178
977 458.971654
978 458.045016
979 457.111515
980 456.171400
981 455.224923
982 454.272334
983 453.313885
984 452.349828
985 451.380414
986 450.405894
987 449.426519
988 448.442539
989 447.454202
990 446.461758
991 445.465453
992 444.465533
993 443.462242
994 442.455825
995 441.446521
996 440.434571
997 439.420212
998 438.403681
999 437.385209
1000 436.365030
1001 435.343372
1002 434.320461
1003 433.296523
1004 432.271777
1005 431.246444
1006 430.220740
1007 429.194878
1008 428.169069
1009 427.143520
1010 426.118436
1011 425.094019
1012 424.070468
1013 423.047978
1014 422.026742
1015 421.006948
1016 419.988784
1017 418.972431
1018 417.958070
1019 416.945878
1020 415.936026
1021 414.928686
1022 413.924024
1023 412.922202
1024 411.923382
1025 410.927720
1026 409.935370
1027 408.946482
1028 407.961203
1029 406.979677
1030 406.002044
1031 405.028443
1032 404.059006
1033 403.093866
1034 402.133150
1035 401.176984
1036 400.225489
1037 399.278784
1038 398.336984
1039 397.400203
1040 396.468551
1041 395.542134
1042 394.621057
1043 393.705421
1044 392.795325
1045 391.890864
1046 390.992131
1047 390.099217
1048 389.212210
1049 388.331196
1050 387.456255
1051 386.587470
1052 385.724917
1053 384.868672
1054 384.018809
1055 383.175397
1056 382.338505
1057 381.508200
1058 380.684546
1059 379.867603
1060 379.057433
1061 378.254093
1062 377.457639
1063 376.668125
1064 375.885602
